173
100
93
251
9
225
232
203
25
66
85
173
34
183
27
166
126
198
182
230
227
85
178
50
7
189
127
122
230
155
157
219
205
147
46
61
226
7
124
42
249
181
127
120
15
173
10
18
133
24
208
208
184
38
168
132
248
165
204
115
110
210
21
33
44
99
212
204
15
101
134
106
167
160
74
110
3
250
42
27
94
50
124
86
242
234
13
188
68
107
139
240
106
250
76
178
169
137
178
169
45
32
254
43
8
143
224
170
48
94
117
250
39
218
164
95
48
109
122
30
150
57
98
148
64
74
157
67
210
250
186
87
148
27
231
224
208
66
151
5
108
79
41
45
107
24
152
120
177
178
162
8
17
81
135
166
103
209
183
247
135
82
26
155
198
107
23
67
39
71
112
134
116
223
132
240
162
244
61
172
73
171
177
17
64
57
170
215
87
199
172
1
153
98
233
0
117
108
117
196
82
200
120
9
44
184
120
217
45
10
252
222
97
30
181
107
181
173
227
189
227
18
2
160
51
209
44
15
255
129
196
166
150
228
247
245
109
117
233
114
93
142
47
191
79
168
167
101
65
66
249
50
75
52
116
