114,142,29,179,1,101,237,157,98,22
166,191,190,46,139,170,23,44,107,186
43,228,206,133,129,112,243,166,163,230
135,214,190,75,62,33,41,127,200,115
161,33,85,118,11,111,247,72,68,18
3,48,149,235,214,139,152,211,215,61
119,39,119,55,12,100,61,208,188,186
226,7,22,0,80,101,17,239,210,10
29,2,211,231,199,191,76,0,46,108
112,152,174,173,247,133,207,163,16,137
168,155,68,131,149,125,19,1,155,243
75,234,247,133,198,22,90,27,178,53
242,187,46,26,185,63,33,27,28,29
177,76,76,254,166,114,40,93,24,164
52,126,104,91,169,162,15,61,152,27
141,65,60,159,239,180,178,88,207,250
224,186,49,100,136,253,22,63,207,63
84,98,109,88,188,234,29,150,70,13
167,99,93,18,59,233,175,15,130,155
185,95,158,91,243,44,133,98,128,63
242,248,206,225,206,220,116,3,240,54
155,109,11,20,41,60,125,89,64,195
8,118,111,49,183,88,218,94,194,145
194,217,24,149,225,199,198,127,44,209
236,132,189,157,143,138,153,208,77,200
233,209,89,202,34,190,92,173,86,11
93,219,225,37,101,36,158,13,229,251
204,206,152,193,147,54,69,0,244,180
173,252,35,5,44,196,112,37,40,8
103,118,250,211,25,227,129,64,208,102
179,92,210,253,55,19,181,60,122,189
191,191,84,97,2,140,33,17,196,90
238,73,93,207,223,249,254,126,125,71
152,202,241,243,88,98,137,79,1,218
241,100,74,55,179,134,204,41,55,244
51,58,138,138,138,111,114,103,19,78
17,171,193,9,166,106,154,46,158,118
105,22,22,27,203,117,64,102,42,196
19,12,95,186,194,228,225,210,150,203
8,121,245,72,205,231,135,152,201,64
242,92,134,165,58,85,74,104,96,239
130,185,210,150,173,145,35,11,145,202
22,94,123,98,235,20,164,126,171,170
82,248,128,207,28,197,18,144,220,194
17,85,211,9,71,247,57,145,18,248
72,202,153,161,78,196,214,11,110,17
192,37,134,30,36,247,142,248,137,200
30,233,132,76,118,34,75,105,9,99
7,184,54,76,193,210,35,76,178,198
199,177,77,35,116,127,45,110,14,202
69,87,121,40,226,6,165,196,166,250
31,37,28,128,68,74,126,67,110,47
246,15,129,211,73,30,185,231,133,17
124,141,158,138,247,220,134,255,107,199
73,193,42,237,57,77,171,34,176,3
67,210,12,98,180,75,96,75,87,222
145,163,41,94,113,168,26,4,200,76
229,152,132,18,129,128,150,109,193,136
133,224,22,27,94,20,4,108,99,39
93,8,116,19,208,84,214,86,172,20
55,187,251,242,154,125,190,16,38,34
146,21,240,23,84,52,44,252,195,115
73,237,15,103,5,160,112,76,251,34
125,31,228,249,56,246,80,30,64,205
125,134,7,212,246,103,242,188,113,104
38,238,57,17,104,244,133,20,49,119
213,245,15,105,109,163,62,63,122,229
222,81,152,140,180,191,220,34,110,104
1,26,224,251,90,28,255,185,101,114
34,206,82,54,40,14,107,178,166,216
148,60,51,141,231,39,186,209,176,92
255,31,106,192,70,106,66,88,23,1
44,121,9,167,2,194,66,205,134,248
78,232,56,186,177,60,77,59,130,199
171,50,218,110,238,32,212,254,92,164
50,247,45,231,157,55,12,249,96,219
191,226,133,73,163,199,179,2,62,48
223,90,31,79,36,166,47,13,70,51
53,101,168,230,23,193,132,128,178,44
96,120,157,118,108,172,202,168,248,17
20,7,61,36,133,195,102,90,185,152
175,27,226,235,36,15,145,148,70,63
187,181,47,245,109,243,45,111,160,114
224,165,236,35,206,89,88,92,161,15
239,149,194,122,59,171,225,60,193,197
118,127,198,185,173,122,182,97,151,136
128,248,153,41,106,136,106,36,128,19
119,84,57,73,229,86,48,244,25,250
63,28,143,247,94,61,148,113,159,236
194,220,61,92,77,105,107,134,228,189
103,224,128,208,142,81,239,229,35,217
136,87,216,118,154,194,52,194,29,7
117,240,218,104,137,236,26,60,95,9
172,77,236,199,124,223,163,49,129,231
209,255,162,166,160,168,115,66,136,193
154,11,247,18,50,194,50,48,253,37
200,59,136,182,88,195,76,185,5,50
54,146,168,70,88,137,217,53,157,87
18,121,218,176,47,252,42,94,230,159
163,138,121,215,4,182,40,203,16,174
102,220,220,248,160,66,52,241,65,250
210,207,144,45,213,137,90,169,149,68
67,101,218,200,192,44,48,165,131,187
206,100,1,96,86,105,133,215,81,198
130,89,156,156,99,110,160,211,116,78
138,253,251,223,205,126,241,114,152,114
62,177,207,177,191,28,244,253,179,38
132,248,41,76,200,233,112,232,124,226
1,107,118,234,155,87,77,171,106,13
94,125,95,246,208,245,13,121,177,42
105,176,41,182,234,45,13,20,169,176
116,93,197,55,99,176,240,36,74,75
144,221,133,70,22,117,8,247,194,126
49,229,76,59,160,181,26,6,84,230
67,125,24,157,63,27,73,48,134,101
82,158,3,68,148,5,115,43,126,90
38,224,183,58,190,40,4,191,168,163
232,250,79,56,77,17,63,124,160,205
210,247,93,130,95,193,222,115,225,91
219,106,204,10,106,9,175,210,201,176
67,181,59,188,211,122,151,0,137,88
173,129,212,235,21,170,130,172,90,75
211,16,111,253,192,194,132,230,203,155
71,79,141,81,67,182,64,2,133,103
94,240,213,41,245,19,62,40,84,52
181,108,56,11,171,161,124,153,254,59
82,129,221,181,53,14,195,212,165,241
131,22,73,107,183,110,54,113,79,197
183,21,109,199,171,31,23,49,71,133
51,136,229,52,220,229,115,170,29,72
71,10,88,168,224,131,93,9,234,41
36,68,12,81,193,76,140,32,170,103
212,150,45,68,28,204,120,106,64,244
99,36,155,87,38,4,213,52,221,186
69,255,208,23,0,154,59,75,127,239
126,138,234,16,11,159,188,227,53,174
24,135,52,100,181,64,188,241,211,9
202,50,209,183,27,55,17,15,174,150
210,214,116,242,1,54,89,79,12,129
158,201,85,82,86,32,184,34,177,70
42,198,228,202,24,170,121,161,220,231
220,124,16,187,156,226,232,243,167,154
153,178,127,133,84,62,58,204,172,201
12,74,40,102,214,27,225,205,50,147
106,59,71,137,212,52,59,130,115,28
154,225,176,240,68,218,156,23,237,131
230,175,28,188,193,40,125,189,165,175
170,186,144,92,183,52,46,52,150,74
152,15,158,199,60,100,46,204,199,150
69,83,173,95,58,186,162,129,162,235
27,43,150,220,86,63,232,219,132,216
149,65,233,203,166,185,103,51,133,20
22,66,163,162,216,42,91,149,170,222
148,75,237,32,40,68,188,26,125,255
29,71,63,75,62,159,231,113,177,202
115,223,92,191,222,26,164,63,60,188
215,55,213,202,131,192,171,62,202,231
103,45,214,50,62,103,162,5,212,222
40,186,255,203,129,201,52,125,83,222
22,173,78,246,192,98,159,240,100,126
5,211,99,186,82,178,72,138,211,87
109,161,58,85,51,45,189,76,170,194
250,202,208,157,228,130,8,127,132,46
185,120,166,165,156,96,228,5,210,131
40,23,50,14,44,207,166,185,121,149
251,126,230,197,43,75,181,211,34,22
162,42,160,61,129,52,22,44,60,188
224,56,147,209,61,65,240,131,144,99
61,33,190,100,212,134,38,50,93,219
172,151,138,64,109,118,180,239,133,148
199,155,116,131,32,21,233,236,116,209
70,110,213,247,179,224,241,118,63,75
12,111,66,248,241,47,62,226,252,123
215,81,131,113,191,6,19,172,176,157
218,166,33,103,79,14,45,247,243,13
22,238,126,217,206,84,82,60,188,107
72,160,193,39,130,202,220,62,73,221
203,167,166,38,191,62,138,71,184,121
188,40,57,131,254,166,201,133,140,171
130,160,216,96,58,247,110,3,82,129
34,96,213,204,225,45,52,253,73,6
231,65,178,120,28,8,132,147,161,184
38,73,154,24,6,221,138,206,180,16
221,251,230,1,137,18,157,188,142,225
133,119,181,135,121,32,204,124,204,88
135,254,148,107,119,136,100,110,203,46
150,216,83,209,100,100,7,139,106,144
191,123,167,111,216,15,27,191,113,167
86,82,249,239,101,147,210,136,253,45
47,48,8,49,199,15,229,100,210,190
145,188,174,4,0,74,6,52,240,19
174,7,27,114,214,45,142,66,184,74
252,79,247,99,125,22,132,169,118,15
127,53,178,165,26,158,196,77,34,14
136,0,111,92,19,30,221,187,212,33
249,235,63,202,196,175,166,235,83,26
242,39,191,16,16,119,17,223,31,187
52,229,246,25,123,193,255,157,18,27
235,74,153,217,38,149,163,98,135,56
170,122,98,243,179,137,127,0,94,225
186,249,162,241,171,186,85,169,168,115
77,9,171,72,196,178,124,19,213,161
101,178,143,125,33,72,5,77,227,243
193,133,98,94,46,51,175,213,254,75
255,21,220,226,201,21,116,182,26,214
213,145,158,116,3,66,110,153,136,47
101,31,97,73,24,73,31,167,44,155
220,117,184,242,109,249,72,78,166,190
39,207,207,109,150,173,238,95,85,183
241,90,181,255,153,207,1,208,6,210
7,134,97,127,4,98,208,18,103,67
183,56,71,116,114,120,111,138,8,55
130,188,14,136,219,88,58,138,242,201
198,195,99,18,83,139,165,185,64,180
148,106,223,31,160,9,225,187,216,140
185,240,167,248,196,251,83,66,91,220
0,194,58,27,12,111,210,7,200,142
79,76,175,115,100,186,61,175,1,20
60,66,133,6,222,143,171,192,73,138
99,81,121,209,75,149,30,156,19,55
101,34,227,69,97,68,175,125,230,65
226,118,244,40,1,19,8,34,102,209
29,39,232,228,36,93,88,117,171,24
194,18,2,14,253,17,91,107,92,254
93,24,244,245,183,213,60,35,183,147
162,67,9,225,53,250,242,182,39,148
164,196,23,105,235,30,148,185,117,123
64,36,254,86,0,70,185,83,123,95
45,5,100,10,168,102,39,124,223,174
233,208,1,15,36,224,111,215,52,58
210,194,131,14,207,212,79,225,193,109
180,215,166,162,161,209,33,160,121,133
201,5,162,198,129,128,127,135,57,92
192,160,24,233,172,146,73,179,247,83
30,72,168,131,13,185,190,252,60,88
50,240,56,222,144,116,10,220,13,84
10,176,226,150,222,111,244,194,226,228
229,159,57,45,255,108,37,66,152,229
157,81,113,241,101,133,101,134,35,19
191,234,106,99,207,236,185,98,178,208
48,121,80,86,40,38,201,103,96,225
89,44,127,177,175,177,79,180,45,208
168,160,63,165,38,16,57,117,27,24
196,74,148,226,244,33,182,187,187,254
224,220,35,206,33,120,162,116,134,162
68,121,32,185,149,49,29,36,185,152
43,121,28,171,107,205,209,48,226,126
228,240,71,18,136,77,65,141,43,200
34,173,27,69,56,244,171,94,198,95
183,217,65,47,33,232,197,147,175,244
132,185,23,199,199,142,167,243,125,2
53,130,10,157,210,29,233,43,60,142
213,151,13,95,91,96,209,236,83,90
32,88,50,16,8,1,145,95,10,175
97,110,229,52,25,242,70,43,182,214
