50,201,130,41,205,225,26,253,193,116
191,34,83,205,77,96,243,241,206,15
122,14,175,105,198,196,1,90,8,28
149,161,113,84,141,43,76,50,199,255
67,8,112,191,142,133,13,235,145,221
22,35,203,191,187,161,113,74,20,157
77,178,208,45,198,183,202,141,65,7
234,132,192,30,230,79,233,235,35,83
120,139,202,45,36,68,136,23,144,119
69,207,128,160,203,234,206,66,138,26
195,203,142,215,49,157,144,109,18,146
197,128,161,131,8,24,192,148,253,84
6,71,25,43,33,161,3,230,65,115
225,31,63,183,35,49,122,56,81,148
204,227,158,232,33,199,64,247,77,20
83,248,78,56,239,221,79,111,11,15
171,241,196,223,70,86,247,201,135,77
76,163,69,55,241,35,54,134,66,134
238,24,11,214,163,196,133,85,105,144
72,20,76,220,223,82,58,111,242,62
44,47,142,134,94,65,145,184,235,233
191,9,248,122,61,52,255,234,31,211
122,185,176,227,48,18,34,227,151,114
167,37,184,17,140,141,244,35,92,251
247,163,143,130,66,103,32,31,184,148
80,202,137,159,78,192,48,228,134,60
20,145,224,188,4,125,165,167,67,207
202,97,101,59,150,99,33,11,126,116
94,210,117,6,246,16,21,129,219,64
150,78,54,36,217,55,169,229,185,244
47,82,194,197,3,139,7,99,51,37
20,201,140,248,162,105,252,75,41,131
40,129,92,99,92,230,138,60,95,248
211,67,179,254,30,15,96,52,220,166
77,187,28,84,138,114,181,97,175,157
98,42,2,35,107,138,242,152,162,120
166,235,153,99,132,35,98,69,37,148
209,57,169,144,226,138,177,159,21,233
196,22,148,162,39,219,154,206,224,96
96,19,233,139,111,51,198,27,108,59
49,197,163,81,16,40,151,186,125,108
165,209,135,41,98,16,96,166,118,70
1,189,67,39,185,169,217,122,132,114
73,194,14,35,25,5,58,238,70,161
163,246,187,181,171,75,204,25,60,137
151,119,42,119,76,249,255,153,230,99
83,201,72,29,153,195,72,60,232,223
253,108,67,179,39,63,182,9,154,77
32,241,140,46,112,174,170,148,94,103
188,1,139,205,4,36,106,215,153,133
40,251,201,132,59,161,128,143,171,16
111,146,222,140,68,219,243,215,229,59
213,89,201,54,131,230,244,53,23,31
92,143,248,201,55,89,187,159,138,26
20,77,47,135,89,125,99,45,110,228
143,41,238,146,191,174,11,74,158,9
70,170,12,108,106,180,149,5,143,214
34,175,62,184,15,118,145,179,58,130
179,203,3,19,100,93,91,243,27,29
124,89,172,152,121,72,225,191,3,126
47,64,231,220,211,20,160,193,16,153
26,88,146,115,78,114,160,139,83,24
52,84,40,167,210,43,76,72,199,250
35,237,129,78,145,102,20,63,86,167
83,193,145,155,14,235,75,74,158,118
243,74,49,72,67,131,60,246,254,221
136,155,83,204,151,234,89,59,166,68
64,196,183,204,123,24,217,138,138,211
112,216,141,244,51,254,41,53,60,84
171,231,37,114,61,25,41,111,189,241
140,152,97,117,199,80,130,37,227,63
156,18,102,153,158,201,154,96,220,245
221,56,148,215,37,154,42,203,153,131
98,222,5,8,183,119,163,208,167,144
191,106,148,48,103,77,216,231,234,254
40,169,238,241,118,34,200,138,111,197
15,200,28,242,181,76,68,209,74,81
87,64,187,116,103,43,81,181,162,15
209,142,248,207,4,81,47,12,76,12
97,59,156,237,20,29,115,38,159,208
249,2,184,172,151,213,84,60,13,106
155,196,78,95,114,248,72,63,254,98
87,6,118,104,237,56,238,44,53,134
237,101,13,112,25,181,102,60,155,228
230,65,99,174,96,10,97,71,89,104
217,53,93,119,140,158,152,243,184,155
66,169,74,244,29,171,18,89,8,25
73,234,209,91,231,10,53,76,18,86
199,2,115,87,162,1,185,104,237,37
179,191,206,229,231,37,147,78,23,63
126,204,202,140,161,220,52,194,85,97
247,232,73,192,4,71,216,92,135,69
122,249,18,32,81,136,109,32,63,55
254,31,15,116,29,134,139,158,139,162
126,133,163,20,161,145,135,91,200,204
129,210,109,170,16,85,48,93,134,54
197,163,231,180,172,106,21,18,238,229
99,244,107,235,122,106,119,222,38,191
116,242,40,169,78,251,8,117,107,137
34,247,138,176,132,15,111,20,72,248
194,18,239,218,181,102,143,231,153,145
145,112,169,120,208,202,163,72,10,56
166,82,101,117,81,152,9,157,17,219
204,35,67,206,80,79,182,169,83,220
57,35,217,211,88,230,44,52,26,80
219,206,241,49,170,24,152,245,44,84
231,134,97,7,220,82,156,170,95,215
75,241,18,15,195,227,197,139,11,126
186,253,47,37,224,168,15,222,181,14
87,105,147,44,223,175,218,143,164,199
70,95,48,160,45,121,98,6,45,109
44,58,75,8,217,37,102,124,16,72
170,114,118,121,245,243,83,207,104,86
137,68,89,174,197,226,142,188,119,94
212,118,82,30,224,112,76,146,52,203
69,111,118,61,18,213,94,3,222,10
45,67,61,74,165,83,90,184,153,186
110,35,8,45,83,94,161,115,6,223
122,107,168,83,164,203,170,169,230,73
