168,254,246,137,234,100,168,149,89,28
60,251,81,161,210,53,199,160,15,188
159,246,204,114,140,185,149,29,209,91
20,170,73,207,4,209,129,55,28,149
247,186,4,37,25,237,225,10,2,77
156,86,25,249,132,132,101,114,71,182
98,134,84,213,243,50,62,84,241,92
8,70,78,87,215,154,72,74,172,184
219,184,5,158,239,51,231,127,99,254
154,199,42,78,249,105,180,47,219,22
217,21,114,23,95,218,218,239,173,120
129,57,196,133,82,110,97,240,156,24
3,53,174,211,200,237,162,151,113,185
235,160,183,195,55,96,9,1,246,233
105,185,118,242,245,179,235,231,210,23
187,213,235,86,238,151,120,175,3,133
39,5,253,100,94,26,133,19,37,141
208,52,238,39,88,106,196,255,124,175
232,120,118,86,177,236,86,81,149,77
199,97,231,142,183,15,160,207,75,154
194,87,99,141,205,98,84,118,112,51
104,17,154,41,152,62,80,150,102,168
179,195,143,30,25,59,165,122,36,179
145,103,216,102,143,92,111,141,243,118
150,172,73,213,11,236,27,45,92,41
88,141,170,48,194,129,61,150,214,108
180,14,154,128,169,205,248,40,11,152
42,79,168,33,153,90,179,114,109,83
1,247,80,221,58,117,169,138,20,212
144,238,85,196,182,243,84,118,81,32
140,97,48,144,185,34,6,213,242,65
141,158,26,100,88,18,146,255,218,240
178,144,74,125,9,181,10,248,45,168
237,212,91,227,216,238,68,191,137,192
241,245,137,231,197,28,49,51,76,207
231,20,253,128,130,167,115,10,231,13
155,227,8,135,181,38,197,49,21,106
237,144,181,232,202,177,161,148,201,185
30,50,231,148,85,160,81,161,45,36
87,57,221,198,233,12,75,94,184,162
10,180,31,169,148,204,20,163,60,63
138,153,244,120,74,252,44,228,53,215
188,150,113,57,69,112,184,65,56,214
47,247,224,154,227,88,23,74,250,116
109,149,221,47,94,13,235,32,98,101
26,26,91,51,39,58,110,135,162,246
78,43,161,220,242,149,21,210,12,3
199,27,221,33,166,154,146,77,60,102
137,38,6,165,251,65,213,201,224,125
197,172,20,112,50,167,89,112,118,158
163,164,97,157,212,16,199,141,1,18
228,95,39,189,126,240,181,252,119,37
16,42,9,78,151,24,151,176,211,167
45,100,200,11,12,86,97,248,223,56
107,204,84,214,144,167,101,25,77,31
189,102,209,95,162,129,110,230,61,11
228,193,45,169,128,136,108,15,213,43
7,76,173,229,16,97,56,32,112,131
36,164,224,70,132,197,127,161,130,222
109,226,194,255,14,73,11,95,48,196
195,54,59,213,216,166,145,82,39,35
134,123,92,202,152,236,13,203,232,17
193,29,93,168,177,85,223,77,254,172
44,34,69,139,166,208,220,155,100,123
172,17,87,99,159,201,87,118,211,127
158,21,23,210,244,32,249,75,244,80
2,160,116,152,46,41,244,213,228,83
189,105,116,200,122,106,253,146,215,232
253,163,8,252,215,176,41,18,175,115
33,219,163,202,127,168,1,68,44,191
92,195,16,218,195,174,64,44,61,48
49,249,44,124,46,3,89,143,111,22
183,200,175,223,177,33,60,52,7,53
46,239,142,86,234,195,193,126,69,143
252,189,2,53,42,215,58,186,250,169
5,65,74,127,110,191,115,244,80,240
11,184,97,8,11,241,67,195,146,11
206,177,38,212,58,235,89,21,156,42
220,198,20,68,170,57,231,240,230,112
145,191,118,173,223,130,4,249,101,84
193,82,95,203,88,201,34,155,177,23
133,131,211,174,7,134,99,245,53,207
150,198,138,166,231,158,215,85,17,102
49,147,209,61,121,143,55,230,159,168
129,244,118,122,233,187,239,1,176,145
13,44,4,239,84,17,248,124,76,1
15,232,2,62,177,126,96,38,146,167
86,192,43,54,5,59,252,81,81,81
161,73,94,70,131,87,32,44,207,68
228,160,184,198,85,141,195,152,94,118
172,119,41,85,86,190,148,168,179,159
175,34,72,154,244,106,159,89,162,205
178,141,165,47,192,130,125,14,246,144
204,248,74,23,86,33,57,13,52,7
169,113,83,79,162,55,37,15,153,203
133,151,40,59,106,75,162,19,22,70
85,29,99,232,148,115,205,4,139,210
239,51,229,239,245,62,171,249,216,176
63,42,227,9,158,68,121,188,11,154
131,10,101,152,39,228,241,192,84,99
189,70,173,12,214,150,151,9,181,17
65,59,65,109,186,240,58,30,220,255
216,92,243,134,28,158,175,67,128,169
138,35,160,215,42,64,82,228,254,59
233,255,53,160,76,27,191,248,110,24
90,131,28,66,109,140,255,254,69,62
239,99,145,231,135,113,69,89,121,231
237,64,70,196,71,177,238,75,42,56
150,94,19,144,212,194,178,48,41,123
26,102,41,229,203,102,25,190,69,232
94,237,13,94,70,145,63,184,194,50
71,127,174,87,158,53,239,49,156,115
68,156,200,158,26,241,123,111,247,158
58,2,206,23,171,131,226,12,198,152
1,150,68,96,89,71,199,168,147,170
228,199,229,48,171,59,5,200,115,69
116,168,156,207,76,243,197,221,74,109
148,135,4,185,174,176,175,201,192,204
81,211,88,173,101,181,222,111,25,238
