207
230
32
232
161
24
71
139
244
246
40
247
244
123
204
36
107
233
202
244
167
9
216
238
173
193
189
100
167
43
180
8
70
11
24
209
177
80
242
8
111
97
195
202
47
124
113
164
180
192
70
173
167
41
30
127
244
86
149
57
191
65
129
178
227
244
139
35
38
65
214
64
207
62
236
89
50
64
157
120
89
211
149
140
233
72
193
192
97
144
19
13
135
198
238
33
145
119
3
85
41
202
79
134
42
153
67
166
175
190
114
21
58
232
38
210
137
254
19
112
27
245
1
197
208
221
21
101
66
204
110
232
46
67
37
34
221
147
140
36
217
158
89
130
102
19
61
31
46
61
106
12
230
240
125
124
86
229
94
28
198
99
61
102
24
33
240
243
146
15
59
90
209
3
10
43
165
186
165
114
139
75
189
48
175
46
93
159
198
20
236
197
124
111
113
78
129
130
208
202
164
96
206
135
89
239
223
140
158
149
52
76
120
58
215
49
57
43
58
111
79
235
109
47
230
249
111
28
65
104
151
66
153
181
56
29
75
81
108
38
89
85
76
154
199
67
144
158
250
221
20
133
253
166
236
